1.0729499252615845E7
1741468.5314685316
49672.63681592041
1.0668091226321038E7
570052.8414755734
44275.36231884058
1.0277324203187251E7
691720.792079208
39766.25310173697
9872473.422752112
801943.7810945275
38021.98900549726
9889141.932270916
911670.3024293506
37150.623441396514
9550192.307692308
953972.2359940506
36613.70407149951
6635501.497005988
1255459.3110334498
46833.41645885287
5028180.049875312
348102.79441117763
37080.43694141013
4897514.228657014
390590.8639523337
37419.29035482259
4526718.11414392
463480.77883175237
36345.30938123752
4181464.5708582834
507473.3698357392
34849.15084915085
4340630.554168747
524586.5336658354
35022.96555167249
6577795.307039441
1309911.2219451373
45876.549330689144
5224012.987012988
362657.1856287425
41469.29605591612
4596719.70074813
415782.8685258964
37665.50174737893
4213941.616766467
474620.01992031874
35455.81627558662
4208788.9221556885
504016.4506480559
35134.29855217174
4270029.791459782
527006.9860279441
34786.427145708585
5992728.635682159
1273707.2927072928
46192.23107569721
4888781.047381546
360108.44577711145
41019.48051948052
4711990.514228657
411305.3892215569
37430.35446829755
4330241.758241759
466635.59322033904
36026.0
4088506.7331670825
494458.43703334994
34962.74217585693
4675304.195804196
523176.2356465302
34221.78217821782
6517133.100697907
1315164.2536195705
45827.277252364365
5156690.309690311
358949.0
41307.03944083874
4479675.810473816
406757.98403193615
37387.30634682659
4259698.602794412
443948.20717131475
36268.09785322017
4258065.901148277
498970.60288988537
35233.366434955315
4182187.3455264457
519917.2482552343
35096.30738522954
6502839.980059821
1264432.6347305388
46675.91674925669
4801961.596009975
358480.01998002
41168.41579210395
4439755.112219452
407244.2671984048
37552.94705294706
4160653.6926147705
446442.8927680798
36149.425287356324
4090922.693266833
495163.92625809665
35149.12718204489
4064789.132602194
515967.5162418791
33409.476309226935
6284202.59481038
1289410.08991009
45858.07096451774
4854058.354114713
357698.1037924152
41311.844077961025
4455077.306733168
404772.8407388916
37653.020469296054
4618427.930174564
444057.3566084788
35934.663341645886
4215986.513486514
484024.9376558604
35164.007976071785
4129699.1017964073
510407.7766699901
34376.8115942029
6008058.412381427
1230531.9680319682
46302.38331678253
4838800.697558545
365390.8045977012
41142.928535732135
4584857.214178732
404052.47376311844
37510.7125062282
4270361.596009975
446922.69326683297
35654.845154845156
4157114.1006477326
481732.3030907279
35088.279301745635
5167104.291417166
505674.48826759856
35107.94602698651
6479139.930034983
1292386.0349127182
46364.495275982095
4744121.5
370969.09272183455
40967.709885742675
4570055.416874688
403429.4264339152
37378.71287128713
4491338.773491593
434521.3717693837
36085.148514851484
4133371.628371629
484884.73053892213
35056.94305694306
4244945.082376435
507727.0459081836
35094.857713429854
6168754.99001996
1196550.6454816288
46337.331334332834
4748365.269461078
361934.69591226324
41276.08587119321
4732605.591612581
399420.5281514698
37646.67666166917
4136331.670822943
439970.73412698414
36110.27944111777
4072937.125748503
474102.1934197408
34830.42394014963
4036407.6846307386
495972.866304884
34826.58670664668
1443341.6210840377
150430.06470881036
15039.42115768463
1410861.8976651763
150068.72509960158
14944.499504459864
1402689.4317048856
148500.9930486594
14963.348192174342
1392012.3885034688
147846.42147117297
14319.74142217802
1397619.1183754334
151190.83208769307
15156.5
1393219.280719281
148595.90409590412
15030.984507746129
452737.6558603491
92780.15952143571
26032.451323015477
487496.5208747515
113784.82276585122
26650.52421367948
476117.26546906185
183025.31017369725
28041.58415841584
484378.4323514728
181291.1266201396
22870.453413054307
476367.14497773384
160713.14342828587
26562.93359762141
465585.03740648384
155575.56109725687
24189.33731938216
478008.48303393216
97871.3216957606
33373.13432835821
514830.0849575213
133344.5
30265.73426573427
589113.7157107232
185280.4391217565
30441.733067729085
576010.8641975309
188025.90931738913
26929.60559161258
515915.21197007486
173000.99750623442
26068.057625434674
509473.3167082295
175840.53651266766
23674.16291854073
526084.7880299252
78000.0
29745.88117823265
553118.2634730539
104901.69660678643
28080.379430853718
500044.38902743143
149194.6107784431
28624.688899950226
503863.90827517456
152288.27930174564
26193.51620947631
486716.20947630925
158931.704885344
23488.778054862843
481665.00498504494
157961.09725685787
22805.583250249256
526489.5209580838
76906.2344139651
31163.17365269461
549915.2119700748
106190.02493765586
30786.42714570858
484739.65087281796
148614.46384039902
28381.546134663342
585286.0708936595
167824.3512974052
27735.294117647063
589723.3300099701
171283.2917705736
24876.30922693267
461656.8578553616
169188.02992518703
23204.386839481558
623888.2235528942
94265.0
29900.149031296573
515171.072319202
95229.92518703242
29419.594260267197
538048.3790523692
126462.68656716419
29018.435475834576
526821.3572854291
161402.49376558606
28420.18896071606
550429.4264339153
166946.71314741037
25452.64207377867
536279.6610169492
164546.67328699108
24512.219451371573
500960.05991013476
98123.8189955246
32909.72568578554
581810.0890207716
94163.09226932669
30677.644710578843
555959.6009975063
142576.05985037406
29626.121635094718
543181.5461346634
161054.86284289276
29154.613466334165
555888.2793017457
161027.43142144638
27045.885286783043
561420.4771371769
163118.70324189527
25536.658354114716
521449.1017964072
86333.66583541148
35868.771583621114
567515.7107231921
94463.11066799602
32293.650793650795
553779.7029702971
141653.36658354115
31774.563591022445
558888.8888888889
161925.7228315055
30319.20199501247
541492.7680798005
165307.960199005
29084.947839046203
557922.077922078
163136.59022931207
27503.23544051767
507938.622754491
96439.40149625935
37073.28015952144
576393.0174563591
100797.50623441397
35807.65407554672
523280.79800498753
141842.89276807982
34069.32668329177
510952.09580838325
157048.3790523691
34217.065868263475
498757.10723192024
163772.56857855362
31292.1626984127
548276.4471057884
159287.78054862845
29122.194513715713
457062.8428927681
94193.01745635911
38577.47882411559
542204.9875311721
107777.55610972569
38464.339152119705
554800.0994530084
147163.5910224439
37714.2144638404
588707.9427725703
158672.319201995
36195.8041958042
504625.9351620948
158245.28301886795
32404.773744405768
509517.2069825437
164526.68329177058
31738.154613466337
1.0218527127924342E7
1361820.7688467298
38061.69154228856
9849055.444555447
485381.47410358564
36687.99603174603
9072957.795431977
559341.8290854573
33510.22443890275
8302615.729218517
604843.4695912264
34383.54114713217
7681611.9920713585
655510.2142501245
33477.634194831015
7463741.293532339
660808.0357142857
33955.94059405941
2.7500801891488302E7
4751946.026986507
199610.25385764064
2.8966072211155377E7
1771099.8003992017
163848.0635551142
1.8950152888446216E7
1946497.0208540221
140799.70029970031
1.3711017456359103E7
2061053.8653366584
133837.1513944223
1.0413426433915213E7
2081697.5585450921
132721.66998011927
8701918.784255106
2064894.4748631162
131134.66334164588
5.2939448928749375E7
6133061.752988048
425121.6350947159
3.3994880774962746E7
2477378.7954206076
230291.58415841585
2.279345735660848E7
2708446.2686567167
200184.65346534652
1.5758808669656202E7
2829787.7733598407
192068.89665501745
1.0938314713216959E7
2847597.8098556497
184912.37623762377
9070241.774675973
2792833.167330677
181277.390438247
7.195124441132638E7
6758825.160970777
637325.8817685047
3.904123353293413E7
3043423.6868186328
284764.8527209186
2.2155083291770574E7
3229257.726819542
251355.83126550866
1.5243329675810475E7
3352317.5237144283
235700.9438648783
1.025009825436409E7
3346061.4078881675
231837.5
8446340.319361277
3282974.0389415873
230588.41010401188
8.645489675810474E7
7056979.561316052
752754.0983606558
4.715621197007482E7
3525243.2969215494
342220.1697453819
2.3453972636815924E7
3716542.643391521
304537.9276152702
1.600349825436409E7
3802212.226640159
288059.4353640416
9993365.564874198
3757427.1506713075
266967.6616915423
8056254.99001996
3681369.760479042
274523.2903865213
9.487457605985038E7
8082193.709435846
851121.4675260287
5.135568877805486E7
3978660.5276256846
401425.38423401094
2.4133485286783043E7
4181613.965087282
349178.10945273633
1.4766810473815462E7
4272300.348085529
325964.8166501487
9331290.773067333
4230513.661202186
320028.28784119105
7510711.28871129
4127505.9347181013
316327.836081959
1.070760783042394E8
8131636.4541832665
943651.7635370095
5.371198450774613E7
4561166.916541729
455379.2415169661
2.3793269651741296E7
4725067.164179105
393711.24318969785
1.4036517206982544E7
4792093.71884347
382696.6236345581
8869168.163672654
4704562.5
370408.63952333666
7136255.860349128
4576261.714855434
363195.1461119366
1.0979769625935163E8
9390699.750623442
1017283.0937035201
5.708647381546135E7
5351759.084121454
524047.40518962074
2.3487735528942116E7
5454911.4427860705
450946.58012980525
1.359915077383924E7
5441637.905236908
419857.7134298552
8556701.097804392
5311251.118846345
422653.78900445765
6829694.264339153
5168527.888446216
422219.0618762475
1.20595375748503E8
1.0979900199600799E7
1263283.7162837165
5.756798204488778E7
6102859.850374065
573887.5621890548
2.2409976143141154E7
6050949.625935162
510261.36931534234
1.3143445109780438E7
6019830.42394015
487885.78553615964
8265278.304239402
5830799.301048427
479689.603960396
6624412.967581048
5711038.902743142
479764.9105367793
1.2255868373943311E8
1.3570566683192862E7
1197390.9404234367
6.246735628742515E7
6762991.739552964
616997.5198412698
2.1269562406762805E7
6747415.141019298
555745.3294001967
1.2533674812967582E7
6587991.516966068
540839.8806563899
8024245.386533666
6252210.918114143
531154.8672566372
6460916.16766467
6184895.209580839
528968.7964338781
